%% Parameter fits from the r code
oldRes=[0.09497065 .01132104 0.4258379 2.121916 1.3609475 1.198934 0.0007428152; ...
0.18111846 .1559873 0.4769566 2.825851 0.4703367 2.272860 0.0018411197; ...
0.14647341 .2270424 0.4437174 4.971580 0.5976516 2.235433 0.0012573543; ...
0.17308376 .3376370 0.4999864 3.315206 1.1798800 1.683074 0.0011109531; ...
0.10026522 .09894664 0.4095417 3.357445 0.4692267 1.714363 0.0004690015;
0.10329060 .1250767 0.4999997 .000006468860 0.7981614 1.657669 0.0010666431; ...
0.02481070 .0000007277972 0.2808706 4.971446 0.2856302 1.009860 0.0006927477; ...
0.06467443 .09947718 0.4076519 3.658859 0.8072146 1.785336 0.0001473658; ...
0.09284508 .1823806 0.4469323 .00001532054 0.8593556 1.826528 0.0006239944; ...
0.04109738 .04472351 0.4143355 .000009716980 0.3226956 1.343643 0.0004662454; ...
0.05431512 .005167976 0.4020398 4.687091 0.8851068 1.321487 0.0002866640];